v1 <- 50:90 
v1
v2 <- c(1,2,5, 50:90)  
v2
